101
-1.0 0.0035
-0.96 0.0433
-0.92 0.1482
-0.88 0.282
-0.84 0.4056
-0.8 0.4947
-0.76 0.5481
-0.72 0.5825
-0.68 0.6174
-0.64 0.6633
-0.6 0.7163
-0.56 0.765
-0.52 0.7998
-0.48 0.8205
-0.44 0.8351
-0.4 0.8531
-0.36 0.8783
-0.32 0.9064
-0.28 0.9292
-0.24 0.9414
-0.2 0.9446
-0.16 0.9457
-0.12 0.9513
-0.08 0.9626
-0.04 0.9742
0.0 0.9792
0.04 0.9742
0.08 0.9626
0.12 0.9513
0.16 0.9457
0.2 0.9446
0.24 0.9414
0.28 0.9292
0.32 0.9064
0.36 0.8783
0.4 0.8531
0.44 0.8351
0.48 0.8205
0.52 0.7998
0.56 0.765
0.6 0.7163
0.64 0.6633
0.68 0.6174
0.72 0.5825
0.76 0.5481
0.8 0.4947
0.84 0.4056
0.88 0.282
0.92 0.1482
0.96 0.0433
1.0 0.0035
1.04 0.0433
1.08 0.1482
1.12 0.282
1.16 0.4056
1.2 0.4947
1.24 0.5481
1.28 0.5825
1.32 0.6174
1.36 0.6633
1.4 0.7163
1.44 0.765
1.48 0.7998
1.52 0.8205
1.56 0.8351
1.6 0.8531
1.64 0.8783
1.68 0.9064
1.72 0.9292
1.76 0.9414
1.8 0.9446
1.84 0.9457
1.88 0.9513
1.92 0.9626
1.96 0.9742
2.0 0.9792
2.04 0.9742
2.08 0.9626
2.12 0.9513
2.16 0.9457
2.2 0.9446
2.24 0.9414
2.28 0.9292
2.32 0.9064
2.36 0.8783
2.4 0.8531
2.44 0.8351
2.48 0.8205
2.52 0.7998
2.56 0.765
2.6 0.7163
2.64 0.6633
2.68 0.6174
2.72 0.5825
2.76 0.5481
2.8 0.4947
2.84 0.4056
2.88 0.282
2.92 0.1482
2.96 0.0433
3.0 0.0035
